2.22045e-016 1 -2.77556e-017 -164.791 -1 2.22409e-016 -5.52748e-018 -2.22539e-014 3.08149e-033 1.38778e-017 1 7.79357 -0 0 -0 1
2.22045e-016 1 -2.77556e-017 -154.791 -1 2.22409e-016 -5.52748e-018 -2.22575e-014 3.08149e-033 1.38778e-017 1 7.79357 -0 0 -0 1
2.212e-016 0.996195 -0.0871557 -127.381 -1 2.22409e-016 -5.52748e-018 -2.1927e-014 1.93525e-017 0.0871557 0.996195 -5.72699 -0 0 -0 1
2.212e-016 0.996195 -0.0871557 -99.8809 -1 2.22409e-016 -5.52748e-018 -2.15966e-014 1.93525e-017 0.0871557 0.996195 -5.72699 -0 0 -0 1
0.356661 -0.91693 -0.178976 128.81 0.93267 0.36055 0.0114387 -69.9716 0.0540415 -0.171005 0.983787 34.4416 -0 0 -0 1
0.354824 -0.922648 0.151064 109.367 0.93267 0.36055 0.0114387 -69.9716 -0.0650202 0.136834 0.988458 -1.23202 -0 0 -0 1
-0.356661 -0.91693 -0.178976 128.81 0.93267 -0.36055 -0.0114387 69.9716 -0.0540415 -0.171005 0.983787 34.4416 -0 0 -0 1
-0.354824 -0.922648 0.151064 109.367 0.93267 -0.36055 -0.0114387 69.9716 0.0650202 0.136834 0.988458 -1.23202 -0 0 -0 1
0.104385 -0.993159 -0.052336 97.339 0.994522 0.104528 -1.65841e-011 -18.3049 0.0054706 -0.0520493 0.99863 8.01816 -0 0 -0 1
0.103242 -0.982278 -0.156434 50.2196 0.994522 0.104528 -1.65841e-011 -18.3049 0.0163519 -0.155577 0.987688 13.3406 -0 0 -0 1
-0.104385 -0.993159 -0.052336 97.339 0.994522 -0.104528 -8.67362e-019 18.3049 -0.0054706 -0.0520493 0.99863 8.01816 -0 0 -0 1
-0.103242 -0.982278 -0.156434 50.2196 0.994522 -0.104528 -3.46945e-018 18.3049 -0.0163519 -0.155578 0.987688 13.3406 -0 0 -0 1